0 576 1 476 
1 712 0 935 319 
2 288 673 3 37 297 202 459 722 527 624 146 656 400 605 
3 288 2 36 181 431 
4 260 5 264 11 89 155 162 163 169 556 49 183 569 445 203 453 75 591 855 217 481 356 102 233 362 748 497 754 886 759 379 255 
5 272 4 230 168 10 48 95 74 94 255 
6 160 291 773 7 8 490 235 109 814 333 341 439 283 15 479 
7 6 
8 160 292 6 38 328 9 523 452 333 208 136 1017 22 535 516 506 159 
9 129 388 8 137 277 278 25 28 158 160 291 293 92 199 777 563 182 649 825 315 61 447 416 1091 68 198 71 200 201 76 463 604 222 228 508 241 124 127 
10 256 260 5 264 11 272 19 217 155 162 163 169 556 49 183 569 203 453 75 591 855 344 89 602 96 481 358 102 233 362 748 754 886 759 762 379 255 
11 1315 4 230 168 74 272 10 95 
12 896 769 518 138 13 287 672 693 950 193 834 197 710 1223 716 718 592 81 979 598 1115 1246 735 866 1129 878 627 
13 12 
14 38 328 77 15 309 118 311 411 341 
15 1334 38 6 328 14 118 535 
16 387 135 393 141 17 404 22 282 414 671 161 519 428 174 50 57 186 31 578 33 72 464 85 185 349 351 336 226 995 100 194 363 368 626 374 122 253 
17 195 201 106 299 300 46 175 16 305 174 729 186 189 637 
18 19 
19 453 10 1136 18 89 1178 316 
20 386 132 136 270 271 144 273 21 280 297 42 303 55 441 204 717 91 95 99 108 497 126 
21 512 98 196 197 43 303 20 214 279 90 207 92 445 126 
22 129 130 388 8 137 16 277 278 23 25 28 1309 158 416 420 293 241 71 686 93 200 649 1210 315 61 62 63 704 198 199 968 311 76 78 463 721 210 84 186 222 98 486 508 618 109 113 115 447 124 253 127 
23 22 
24 388 137 782 277 278 153 25 158 113 311 184 315 61 198 71 76 463 721 210 93 98 241 127 
25 128 133 198 615 136 9 141 114 659 22 24 121 1110 29 63 
26 753 27 956 1093 1046 
27 26 
28 128 1249 869 198 136 9 141 114 22 121 63 29 133 
29 129 388 136 649 782 277 278 25 795 28 158 293 113 199 176 137 315 61 71 200 76 78 463 466 93 222 992 508 109 241 121 124 127 
30 31 
31 865 419 373 225 73 1261 79 16 184 50 84 30 201 56 62 223 
32 188 225 259 33 521 951 73 338 179 918 809 56 380 382 799 
33 32 201 16 84 184 62 
34 35 965 231 328 330 83 953 
35 34 965 231 330 724 535 953 
36 288 673 579 37 202 459 812 527 656 146 3 624 400 605 
37 288 2 36 181 431 
38 773 327 8 490 235 14 15 435 814 311 39 479 
39 328 38 535 
40 512 775 493 1170 534 920 288 421 681 298 50 570 1216 321 609 588 335 1107 725 1121 357 877 623 881 116 41 635 253 
41 1121 356 321 40 297 862 
42 134 139 526 20 533 407 154 289 1188 43 430 307 52 151 190 279 450 581 70 455 201 80 339 212 214 92 229 361 501 
43 386 99 132 497 136 297 42 204 717 270 271 144 273 21 55 280 91 126 95 
44 673 322 45 1011 1141 86 87 665 668 1054 
45 802 1307 644 1062 871 936 265 1194 44 1154 943 1300 1209 378 1083 
46 320 513 194 195 17 743 456 584 107 525 174 47 305 275 405 56 290 186 251 125 
47 194 227 106 397 174 46 189 
48 260 5 155 540 163 169 426 49 183 569 75 453 74 203 79 217 591 481 358 102 500 632 255 
49 48 4 230 168 74 1003 272 975 496 95 10 94 255 
50 387 135 136 393 16 884 282 414 671 161 423 40 519 428 430 51 52 1077 951 184 57 31 189 449 68 455 201 226 464 594 212 85 185 859 349 94 223 97 98 1140 230 363 626 372 374 84 253 
51 783 259 870 521 382 971 338 60 50 179 380 951 809 153 249 188 253 94 799 
52 1346 741 42 334 79 50 846 150 1337 153 94 53 
53 743 328 617 682 175 178 52 308 95 444 191 
54 55 
55 512 214 98 90 196 197 43 1122 207 303 20 126 54 279 538 1051 92 445 446 
56 387 133 519 393 69 282 414 31 32 161 135 428 46 181 184 57 671 574 578 709 464 85 349 351 336 226 228 368 626 374 120 
57 225 73 874 16 56 50 84 373 694 201 184 954 253 62 223 
58 59 
59 100 324 120 68 58 1275 
60 51 
61 133 198 136 9 1324 141 720 114 22 1207 24 29 63 
62 387 135 136 393 141 22 31 33 293 519 428 175 311 57 63 195 201 76 210 85 185 349 351 226 485 363 626 374 122 460 253 1022 
63 388 133 137 277 278 25 153 22 28 157 158 416 293 113 668 199 435 315 61 62 71 200 76 78 463 79 93 222 992 124 109 241 114 281 127 
64 133 65 1289 522 907 1294 1304 156 415 1313 549 811 688 1201 440 1089 964 1222 1225 696 595 1189 480 1123 613 1258 1263 1016 1145 634 891 511 
65 64 
66 396 655 528 323 424 67 582 458 719 1104 337 82 473 603 478 352 355 868 616 745 360 383 
67 66 83 330 
68 128 768 136 9 283 544 547 551 1198 50 350 695 59 160 451 324 594 475 94 224 101 1268 120 253 254 
69 188 70 809 951 179 521 56 380 
70 259 69 188 42 971 79 338 918 951 380 382 799 
71 128 22 1176 133 198 1192 9 141 1105 114 406 761 24 121 136 63 29 517 
72 225 73 206 16 84 157 223 
73 32 464 226 995 135 72 428 402 368 626 387 181 374 184 57 282 31 349 85 351 
74 260 5 136 11 153 155 163 169 48 49 435 436 183 569 453 713 75 96 481 102 233 362 379 
75 272 4 230 168 10 48 1049 255 74 95 
76 133 198 136 9 141 114 22 24 121 1338 29 62 63 
77 412 814 399 240 371 14 444 
78 1219 22 776 332 879 691 310 121 29 63 
79 282 134 139 526 143 533 151 154 413 31 289 430 48 307 52 190 63 450 407 581 70 455 80 339 212 229 361 491 501 121 
80 42 307 94 79 
81 12 
82 171 330 83 66 
83 396 528 323 34 424 67 582 458 719 1104 337 82 473 603 478 352 868 616 745 490 360 383 
84 387 135 393 141 22 282 414 31 33 519 428 50 57 671 578 161 72 464 85 349 351 336 226 363 368 626 374 122 253 
85 225 1320 201 304 16 184 50 84 373 73 56 253 62 223 
86 44 87 
87 44 86 
88 453 102 167 203 183 89 379 540 
89 608 4 230 166 103 168 10 395 272 19 213 343 88 541 95 
90 1280 99 1092 197 55 204 237 144 273 114 436 21 279 344 132 91 126 
91 736 98 197 43 20 214 279 90 92 
92 128 386 132 136 9 270 271 144 273 21 280 1060 297 42 432 1074 55 441 317 204 717 467 91 95 99 108 497 126 
93 22 114 182 24 121 29 63 
94 51 5 134 307 139 526 144 533 151 152 580 154 155 289 407 430 49 50 1075 52 311 315 190 450 68 581 455 591 80 339 212 910 344 485 98 229 230 491 237 381 1266 501 253 
95 256 260 5 11 20 279 153 155 162 163 177 43 815 49 435 436 53 183 569 75 453 713 203 591 214 89 92 1247 96 481 358 102 233 362 167 369 758 379 255 
96 74 10 230 95 
97 50 
98 132 144 273 21 22 279 24 153 303 50 436 182 55 441 1092 197 204 214 344 91 94 99 237 114 126 638 
99 512 98 899 196 197 422 266 43 302 207 20 214 279 445 90 92 138 126 
100 544 224 547 101 551 297 16 594 254 825 59 350 
101 68 324 1191 1150 560 913 1333 120 100 1310 
102 608 4 230 166 103 168 10 395 541 48 213 343 88 74 95 
103 453 102 167 1193 203 652 1327 982 183 89 379 540 
104 721 105 176 689 885 937 410 
105 104 
106 320 513 194 195 709 17 456 201 392 525 584 47 305 107 468 247 354 290 251 125 
107 194 227 106 300 397 174 46 186 189 
108 92 20 214 
109 130 261 6 1282 143 22 535 284 29 678 434 312 63 705 1037 341 342 988 110 625 118 121 
110 109 
111 1285 532 1187 1321 938 555 559 820 438 1080 955 957 1215 454 596 1241 858 1116 1252 232 112 753 246 888 
112 111 
113 1035 29 114 22 24 121 669 63 
114 129 388 133 649 394 782 277 278 153 25 28 158 416 293 113 71 686 948 137 184 315 61 447 196 198 199 200 714 311 76 463 721 210 341 90 93 222 1248 98 508 618 241 115 63 124 127 
115 114 22 
116 321 356 40 297 170 117 346 
117 116 
118 291 773 328 119 490 235 109 14 333 814 535 283 15 479 
119 118 
120 544 224 642 547 68 101 673 225 1199 594 350 768 56 59 254 325 
121 388 141 782 278 281 25 668 29 158 416 293 28 199 435 948 439 198 71 76 78 463 79 93 222 992 124 109 113 508 
122 737 1155 804 1318 845 16 819 84 184 409 1306 123 1212 62 223 
123 122 
124 133 198 136 9 141 114 22 121 29 63 
125 194 106 300 46 186 607 
126 98 99 196 502 43 271 144 273 20 21 214 279 55 602 92 90 197 
127 128 133 198 136 9 141 114 22 663 24 29 63 
128 68 278 388 293 199 92 71 28 463 241 277 182 201 25 315 604 508 158 127 
129 133 198 136 9 141 114 22 29 
130 311 515 900 645 529 131 1301 1174 22 1190 173 1204 439 1087 331 1229 1235 347 864 1251 1260 109 1008 631 1277 
131 130 
132 512 214 98 196 197 43 1165 303 817 20 1238 279 1144 985 90 207 92 445 
133 129 388 649 277 278 25 281 28 158 416 293 199 182 137 56 315 61 63 64 71 200 76 463 222 225 508 241 114 124 127 
134 1228 42 1164 79 150 153 1098 94 
135 225 73 16 56 50 84 373 374 201 184 253 62 223 
136 129 388 665 137 141 20 277 278 279 25 28 29 158 416 675 293 92 43 300 433 50 563 182 649 315 61 62 68 197 198 199 200 201 74 439 76 463 208 466 214 71 604 222 228 124 241 8 508 127 
137 133 198 136 9 141 114 22 24 1020 29 63 
138 99 12 286 
139 1312 42 140 79 147 150 153 94 
140 139 
141 129 388 136 137 142 16 277 278 25 795 28 158 416 293 71 1068 176 315 61 62 447 199 200 585 76 466 84 727 222 992 124 241 121 508 253 127 
142 141 
143 435 109 79 
144 512 98 196 197 43 1325 303 145 20 94 214 279 90 207 92 445 126 
145 144 
146 288 2 36 181 431 
147 139 
148 929 149 
149 860 148 
150 134 139 526 533 407 154 289 169 430 52 566 151 190 450 581 455 339 212 910 229 491 381 
151 153 42 94 150 79 
152 153 566 94 
153 134 264 307 139 526 272 152 533 407 24 154 1075 455 430 51 52 182 151 190 63 450 580 581 289 74 339 212 95 98 229 230 491 114 501 
154 201 42 79 150 793 153 94 
155 960 48 4 230 168 425 74 1070 272 977 180 1205 95 220 10 94 255 
156 64 
157 72 158 63 
158 128 133 198 487 136 9 141 29 114 469 22 24 121 157 63 
159 160 8 291 451 679 
160 68 292 6 8 9 1017 159 
161 225 738 201 16 184 50 84 373 56 1149 223 
162 163 4 230 168 10 95 
163 481 162 4 230 168 74 272 591 48 10 95 
164 706 165 552 546 271 944 723 1044 502 279 250 442 1343 1340 602 997 
165 164 
166 453 102 167 203 183 89 379 540 
167 608 166 230 103 213 88 541 95 
168 260 5 264 11 89 155 162 163 753 169 556 49 183 569 203 453 75 591 855 217 481 102 233 362 748 497 754 886 759 379 255 
169 4 168 74 48 150 217 10 
170 116 
171 396 655 528 984 276 925 1311 417 369 424 172 701 323 197 582 458 719 1104 337 82 1226 473 603 478 355 743 616 617 490 494 1264 360 758 745 252 383 
172 171 
173 130 
174 513 584 525 16 17 402 275 537 47 290 46 175 305 189 320 194 195 709 456 201 465 468 221 352 354 107 251 637 
175 194 412 837 966 177 648 617 330 1133 174 17 435 404 309 186 1052 62 53 
176 198 104 141 848 401 1106 376 281 29 
177 417 418 328 201 554 175 369 178 758 95 444 682 191 
178 177 435 53 417 617 
179 32 51 69 918 381 
180 155 
181 225 3 37 646 673 73 459 722 400 146 373 56 624 656 605 
182 128 98 228 133 136 9 618 721 210 948 311 184 153 93 
183 608 48 4 166 230 103 168 74 395 272 10 213 343 88 541 95 
184 387 135 393 24 282 414 671 161 519 428 114 50 182 201 56 185 31 578 33 73 336 85 57 349 351 464 226 995 363 368 626 373 374 122 253 
185 184 16 50 62 
186 525 16 17 275 22 537 46 175 305 189 320 195 709 456 330 468 601 221 227 743 107 125 374 247 251 637 
187 188 
188 32 806 1059 69 70 339 1234 51 803 187 381 927 
189 513 392 525 17 404 290 584 300 174 47 305 50 186 443 574 320 194 195 456 485 1000 107 244 251 253 
190 153 42 150 94 79 
191 177 435 53 
192 193 
193 192 12 622 1115 1213 286 
194 513 392 525 16 402 275 46 537 175 290 584 300 174 47 305 189 320 195 456 206 468 221 106 107 637 247 251 125 
195 384 194 227 106 300 397 46 589 17 1010 404 174 186 189 62 
196 512 126 99 1092 197 279 237 144 273 114 436 21 55 344 132 280 
197 441 98 99 132 699 230 136 204 171 12 144 273 286 21 55 280 196 90 91 126 
198 129 388 22 136 9 277 278 24 25 795 28 158 416 293 649 199 176 137 315 61 71 200 76 463 466 222 992 508 241 114 121 124 127 
199 128 133 901 198 136 9 1130 141 1330 22 121 114 63 29 613 
200 133 198 136 9 141 114 22 29 63 
201 128 387 519 136 393 17 154 282 414 671 33 31 42 299 300 174 349 177 50 9 184 57 428 62 449 578 324 161 336 85 135 861 734 351 464 226 995 1140 106 368 626 372 1269 374 1018 637 
202 297 2 36 
203 608 48 4 166 230 103 168 10 395 272 213 343 88 541 95 
204 512 98 197 43 205 302 207 20 214 279 856 90 92 445 
205 204 
206 72 225 194 
207 99 132 204 144 273 21 55 344 441 
208 739 209 8 523 365 451 1169 291 661 503 267 136 507 
209 504 905 506 771 208 
210 1025 1034 1036 1041 1043 1045 22 24 772 1050 1057 550 565 1081 62 1090 1096 1111 600 1117 1118 1124 1128 620 1134 114 633 1152 1302 1172 1173 664 666 680 686 797 691 182 1208 697 1217 1219 1224 714 1230 211 1239 731 742 234 765 1284 774 776 778 1291 1296 274 788 790 1303 1308 1309 798 219 807 810 310 1341 832 833 835 836 840 332 849 850 851 345 879 370 660 385 394 909 923 420 933 942 948 969 978 989 996 1001 492 
211 210 
212 150 42 79 50 1270 887 1240 153 94 
213 453 102 167 203 1237 183 89 379 540 
214 386 132 136 653 270 144 273 21 280 678 297 42 55 441 204 226 717 467 1112 91 95 98 99 875 108 497 126 
215 216 
216 215 
217 4 614 168 169 10 48 753 553 632 218 
218 217 
219 210 
220 155 
221 194 1316 805 174 1137 404 1014 824 186 477 1183 
222 326 133 198 136 9 141 114 22 121 29 63 
223 135 393 282 414 31 161 519 428 50 57 72 336 85 349 351 226 995 363 626 374 122 253 
224 68 651 324 779 120 100 
225 387 133 135 393 282 414 31 32 161 519 428 181 57 671 578 72 206 464 85 349 351 336 226 995 368 626 374 120 
226 225 808 201 590 1007 16 56 50 84 373 214 73 184 1242 62 223 
227 320 513 290 195 709 305 456 107 300 269 47 584 186 251 
228 136 9 795 182 56 
229 153 42 150 94 79 
230 256 514 260 5 11 153 155 197 162 163 167 49 50 435 183 569 203 453 713 75 591 89 94 96 481 1125 102 233 362 379 255 
231 34 35 965 791 
232 111 
233 4 230 168 74 272 10 95 
234 210 
235 328 38 118 6 535 
236 237 
237 98 196 1061 586 236 945 531 90 94 
238 239 351 
239 238 
240 77 
241 128 133 198 136 9 141 114 22 24 29 63 
242 243 
243 242 278 
244 1024 189 245 
245 244 
246 111 
247 194 106 299 300 465 404 248 186 637 
248 352 465 925 247 
249 51 
250 164 
251 194 227 106 300 397 174 404 46 186 189 
252 306 1186 171 330 
253 135 906 141 16 22 922 40 50 51 184 57 189 62 575 68 1094 84 85 349 94 223 366 372 1147 
254 120 68 324 100 
255 256 48 4 5 230 168 10 75 272 49 95 569 155 260 
256 10 95 230 255 
257 258 1031 1328 1138 947 852 
258 257 
259 32 51 381 70 
260 272 4 230 296 74 1326 48 168 1146 255 10 95 
261 263 439 262 903 329 1099 1132 109 912 403 341 311 1019 
262 261 
263 261 
264 168 153 10 4 1066 
265 45 
266 609 99 
267 641 1058 963 1254 1163 268 770 208 504 916 792 1305 506 728 
268 267 
269 227 300 
270 706 1227 214 43 462 271 882 20 502 279 602 1295 92 285 
271 386 875 164 43 270 20 344 92 126 
272 260 5 10 11 153 155 163 49 435 436 183 203 453 713 75 89 481 358 233 362 379 255 
273 512 98 196 197 43 207 1108 214 279 20 90 92 445 126 
274 210 
275 194 709 685 174 847 818 404 46 471 186 1148 574 
276 171 
277 128 133 198 136 9 141 114 22 24 29 63 
278 128 133 198 136 1161 141 1166 29 114 243 22 9 24 121 1021 63 
279 386 132 136 270 144 273 21 280 164 297 42 55 196 204 717 90 91 95 98 99 497 126 
280 512 356 197 43 556 302 20 214 279 196 92 
281 176 121 133 63 
282 225 201 79 16 56 50 84 373 73 184 223 
283 292 6 452 825 516 118 535 504 68 506 284 
284 291 283 109 773 
285 270 
286 672 193 834 197 710 1223 1129 138 718 716 866 878 592 627 693 979 735 769 1246 287 
287 12 286 
288 400 2 3 36 37 40 459 146 527 848 722 373 624 656 605 
289 153 42 150 94 79 
290 194 227 106 300 397 46 404 174 189 
291 292 6 9 523 208 118 516 506 284 159 
292 160 1314 291 711 8 1262 451 283 
293 128 133 198 136 9 141 114 22 121 29 62 63 
294 295 
295 1064 1329 1088 294 
296 260 
297 2 775 20 279 920 924 421 681 298 43 812 570 202 321 579 330 588 335 848 594 725 214 92 609 100 357 877 623 881 116 41 635 
298 40 321 356 297 
299 201 247 468 17 
300 513 392 584 269 17 290 305 301 328 189 320 194 195 709 456 201 525 468 354 227 107 247 136 251 125 
301 300 
302 353 99 204 303 432 280 
303 98 132 302 144 20 21 55 445 
304 85 
305 194 227 106 300 397 46 17 914 404 174 186 189 1279 
306 252 
307 361 42 79 80 153 94 
308 309 53 
309 743 444 14 175 371 308 757 399 412 
310 210 78 
311 130 261 391 1037 14 22 535 24 38 814 434 182 439 312 62 705 961 328 342 94 678 625 114 
312 873 311 109 1042 341 1065 889 
313 754 612 314 
314 313 
315 128 133 198 136 9 141 114 22 24 828 29 94 63 
316 19 
317 92 
318 319 1283 499 
319 1 498 318 
320 194 227 106 300 397 174 404 46 186 189 
321 775 534 920 421 881 40 681 298 431 570 322 588 335 721 725 297 609 357 877 623 753 116 41 635 894 895 
322 321 44 
323 66 83 330 171 
324 768 544 547 68 325 201 224 1198 594 350 59 254 101 
325 120 324 1100 
326 222 
327 328 38 
328 34 773 327 8 177 490 235 300 333 14 15 880 369 435 1236 53 118 311 39 479 
329 261 
330 396 655 528 323 252 34 35 424 297 175 186 67 582 458 719 1104 337 82 473 603 478 352 355 868 360 745 490 616 636 383 
331 130 
332 210 78 
333 643 548 470 6 8 328 435 118 535 
334 52 
335 321 356 40 297 1271 377 1023 
336 225 201 16 56 84 184 223 
337 66 1203 330 171 367 83 539 
338 32 70 872 51 1078 381 
339 42 79 340 150 153 188 94 
340 339 
341 705 114 261 678 391 970 109 14 625 434 342 312 6 794 
342 930 439 1100 109 687 946 341 311 
343 453 102 203 183 89 540 
344 98 356 10 556 207 502 196 602 271 90 94 
345 210 
346 116 
347 130 
348 349 
349 225 484 1319 201 73 16 56 50 84 373 1142 1079 184 348 253 62 223 
350 68 324 1002 120 100 1119 
351 225 201 238 16 184 84 373 73 56 62 223 
352 66 330 174 465 83 823 248 
353 302 
354 106 300 174 
355 330 171 66 
356 609 635 4 357 775 41 298 588 877 421 623 848 920 116 681 344 570 335 280 881 
357 40 297 356 321 
358 48 272 10 95 
359 360 
360 66 359 330 171 1069 83 
361 42 307 79 
362 4 230 168 10 272 74 95 
363 16 50 84 184 62 223 
364 365 
365 208 504 506 364 1135 
366 253 
367 337 
368 225 201 16 184 84 73 56 
369 328 177 171 757 95 
370 210 
371 966 648 617 77 309 411 
372 201 50 843 675 253 
373 387 135 393 282 414 671 288 161 519 428 431 181 184 57 31 578 85 349 351 226 995 626 374 
374 225 1158 135 201 16 184 50 84 373 73 56 186 62 223 
375 376 949 
376 176 1220 375 
377 335 
378 45 
379 608 4 166 230 103 168 10 272 1009 213 88 74 95 
380 32 51 69 70 381 
381 259 870 521 951 338 179 94 150 809 380 188 382 799 
382 32 51 381 70 
383 66 330 171 1298 83 983 
384 195 
385 210 
386 43 271 20 214 279 92 
387 225 201 16 184 50 84 373 73 56 62 
388 128 800 133 198 136 9 1067 141 114 22 24 121 63 29 959 
389 390 
390 389 
391 1097 747 341 311 647 
392 194 106 300 397 472 404 854 952 189 
393 225 201 16 56 50 692 373 184 84 720 62 223 
394 114 210 
395 453 102 203 183 89 730 540 
396 66 330 171 83 1113 1114 
397 320 513 290 195 392 584 107 525 47 305 251 
398 399 
399 1153 77 398 309 411 1053 
400 288 2 36 181 431 
401 176 721 
402 73 194 675 404 174 
403 261 
404 320 513 290 195 456 221 392 175 16 305 402 275 405 247 537 251 189 637 
405 46 404 709 574 
406 71 
407 42 495 150 408 153 79 94 
408 407 
409 122 
410 104 
411 744 444 14 399 371 412 
412 175 411 309 77 
413 79 
414 225 897 201 50 16 184 786 84 373 56 223 
415 64 
416 133 198 136 9 141 114 22 121 63 
417 418 743 171 177 178 435 
418 417 617 177 
419 31 
420 210 22 
421 40 321 356 297 
422 99 
423 50 
424 1040 330 83 66 171 
425 155 
426 928 640 1323 1253 958 427 48 1073 562 437 921 606 639 
427 426 
428 1344 225 740 934 201 62 429 16 56 50 1300 373 73 184 84 698 926 223 
429 428 
430 42 79 50 150 153 94 
431 673 3 37 646 321 459 722 527 656 146 373 624 400 605 
432 92 445 302 
433 136 
434 311 1288 780 439 524 109 1101 1168 593 917 662 1015 1336 1071 1167 341 
435 417 191 38 230 328 63 74 333 143 272 178 121 175 444 682 95 
436 98 196 712 74 272 762 90 95 
437 426 
438 111 
439 705 130 261 6 136 678 625 434 342 311 121 794 
440 64 
441 98 197 207 20 214 92 
442 164 
443 189 
444 77 177 435 53 411 309 
445 432 99 132 204 303 144 273 21 55 4 602 
446 55 
447 448 9 114 141 1202 22 
448 447 
449 201 50 
450 153 42 150 94 79 
451 68 292 523 452 208 535 516 159 
452 8 283 451 
453 608 48 4 166 230 103 168 74 395 541 272 19 213 343 88 10 95 
454 111 
455 1257 42 79 50 150 153 1082 94 863 
456 194 227 106 300 46 404 174 186 189 
457 458 
458 66 457 330 171 83 505 1274 1086 
459 288 2 36 181 431 
460 62 
461 462 
462 546 904 476 1218 270 461 789 760 764 898 
463 128 133 198 136 9 114 22 24 121 29 63 
464 225 73 16 56 50 84 201 184 
465 248 352 247 174 823 
466 136 29 198 141 
467 92 214 
468 194 106 299 300 174 186 
469 158 
470 333 
471 275 
472 392 
473 83 66 171 330 719 
474 475 
475 993 474 68 
476 712 545 462 0 
477 221 
478 171 66 83 330 
479 328 38 6 118 
480 64 
481 48 163 4 230 168 74 272 10 95 
482 483 700 
483 482 573 
484 349 
485 94 62 189 
486 22 
487 158 
488 489 
489 488 
490 6 38 328 330 171 876 83 118 535 
491 153 94 150 79 
492 210 
493 40 
494 171 
495 407 
496 49 
497 4 168 43 20 214 279 92 829 
498 499 654 319 
499 498 1171 318 
500 48 
501 153 42 94 79 
502 344 126 164 717 270 
503 208 504 
504 739 523 365 209 661 503 267 283 507 
505 458 
506 291 8 267 365 209 283 507 
507 504 208 506 
508 128 133 198 136 9 141 114 22 121 29 
509 1233 1027 636 510 628 
510 509 
511 64 542 
512 99 132 40 204 144 273 21 55 280 196 
513 194 227 106 300 397 174 404 46 189 
514 230 
515 130 
516 8 291 283 451 
517 71 
518 12 
519 225 976 1126 1063 520 201 16 56 50 787 84 373 1335 184 62 223 
520 519 
521 32 69 809 51 918 381 
522 64 
523 8 208 291 504 451 
524 434 
525 194 106 300 397 174 46 186 189 
526 153 42 150 94 79 
527 288 2 36 431 
528 330 83 66 171 
529 130 
530 945 586 531 556 1061 
531 530 237 638 
532 111 
533 1345 42 972 79 1072 1297 690 1267 670 150 153 94 
534 40 321 589 726 1293 
535 35 773 39 8 490 235 109 333 15 451 118 311 283 
536 537 
537 1028 902 650 404 1175 536 1179 1180 601 674 174 816 186 194 587 597 729 1250 1127 1131 1265 1276 
538 55 
539 337 
540 608 166 103 395 48 213 343 88 541 
541 453 102 167 203 183 89 540 
542 511 
543 544 
544 68 867 324 756 120 100 543 1076 
545 546 476 829 
546 545 898 164 875 462 762 
547 120 1200 100 68 324 
548 333 
549 64 604 
550 210 
551 100 68 
552 164 
553 217 
554 177 
555 111 
556 4 168 10 344 530 280 
557 558 
558 557 
559 111 
560 101 
561 928 921 562 606 
562 561 426 
563 136 9 
564 565 
565 210 564 
566 152 150 
567 568 760 
568 829 567 
569 4 230 168 74 48 255 10 1278 95 
570 40 321 356 297 
571 796 572 
572 571 
573 483 
574 743 275 405 599 56 189 
575 253 
576 712 0 577 
577 576 
578 225 201 16 184 84 373 56 
579 297 36 
580 153 94 
581 153 42 150 94 79 
582 66 715 583 330 171 83 1342 
583 715 582 
584 194 227 106 300 397 174 46 189 
585 141 
586 530 237 
587 537 
588 321 994 356 40 297 755 
589 195 534 
590 226 
591 1026 163 4 230 168 10 48 94 95 
592 12 286 
593 434 
594 100 324 297 50 120 68 
595 64 
596 111 
597 537 
598 12 
599 709 574 
600 210 
601 537 186 
602 164 10 270 344 445 126 
603 66 330 171 83 1245 1214 
604 128 9 136 549 
605 288 2 36 181 431 
606 561 426 
607 125 
608 453 102 167 203 183 89 379 540 
609 321 610 356 40 297 266 
610 609 
611 612 
612 313 611 
613 64 199 
614 217 
615 25 
616 83 330 171 66 
617 418 171 175 178 371 53 
618 801 676 182 619 941 114 915 22 1151 
619 618 
620 210 
621 622 
622 193 1115 883 1213 621 
623 40 321 356 297 
624 288 2 36 181 431 
625 439 109 341 311 
626 225 201 16 56 50 84 373 73 184 62 223 
627 12 286 
628 509 
629 630 
630 764 629 
631 130 
632 48 1232 1322 853 217 
633 210 
634 64 
635 40 321 1139 356 297 
636 330 509 
637 194 201 174 17 404 247 186 
638 98 531 
639 426 
640 426 
641 267 
642 120 
643 333 
644 45 
645 130 
646 181 431 
647 391 
648 371 175 
649 133 198 136 9 114 22 29 
650 537 
651 224 
652 103 
653 214 
654 498 
655 66 171 330 
656 288 2 36 181 431 
657 857 658 
658 657 
659 25 
660 210 
661 504 208 
662 434 
663 127 
664 210 
665 136 44 1292 
666 210 
667 668 
668 121 667 44 63 
669 113 
670 533 
671 225 201 16 184 50 84 373 56 
672 681 12 286 
673 2 36 44 431 848 181 120 
674 537 
675 136 402 372 
676 618 
677 678 
678 677 311 109 341 214 439 
679 1095 159 
680 210 
681 672 321 356 1185 40 297 1004 890 
682 177 435 53 
683 684 
684 683 
685 275 
686 210 114 22 
687 342 
688 64 
689 104 
690 533 
691 210 78 
692 393 
693 12 286 
694 57 
695 68 
696 64 
697 210 
698 428 
699 1129 197 878 
700 482 
701 171 
702 703 813 935 
703 702 
704 22 
705 311 109 341 439 
706 875 164 717 270 
707 708 
708 707 
709 227 743 106 300 174 275 405 599 56 186 
710 12 286 
711 292 
712 576 1 436 476 
713 272 74 230 95 
714 114 210 
715 582 583 
716 12 286 
717 706 502 43 20 214 279 92 
718 12 286 
719 171 473 66 83 330 
720 393 61 
721 321 22 104 114 401 1106 182 24 1273 
722 288 2 181 431 
723 164 
724 35 781 
725 40 297 321 
726 534 
727 141 
728 267 
729 537 17 
730 395 
731 210 
732 733 
733 732 
734 201 
735 12 286 
736 91 
737 122 
738 161 
739 504 208 
740 428 
741 52 
742 210 
743 417 709 744 171 46 309 186 574 53 
744 411 757 743 
745 66 1317 746 171 908 83 1143 1177 1211 330 
746 745 
747 391 
748 168 10 4 
749 750 
750 749 
751 752 
752 751 
753 321 168 111 759 217 26 
754 168 313 10 4 
755 588 
756 544 
757 744 369 309 758 
758 967 171 177 757 827 95 
759 168 753 10 4 
760 462 567 
761 71 
762 10 436 546 829 
763 764 
764 763 630 462 
765 210 
766 1290 767 
767 766 
768 120 324 68 
769 12 286 
770 267 
771 209 
772 210 
773 6 38 328 118 535 284 
774 210 
775 40 321 356 297 
776 210 78 
777 9 
778 210 
779 224 
780 434 
781 724 
782 24 121 114 29 
783 51 
784 785 1231 
785 784 
786 414 
787 519 
788 210 
789 829 462 
790 210 
791 953 1162 231 
792 267 
793 154 
794 341 439 
795 228 141 198 29 
796 571 999 
797 210 
798 210 
799 32 51 381 70 
800 388 
801 618 
802 45 
803 188 
804 122 
805 221 
806 188 
807 210 
808 226 
809 32 69 521 51 918 381 
810 210 
811 64 
812 297 36 
813 702 
814 118 311 38 6 77 
815 95 
816 537 
817 132 
818 275 
819 122 
820 111 
821 822 
822 821 
823 352 465 1047 
824 221 
825 1272 9 283 100 
826 827 1299 967 
827 826 758 
828 315 
829 545 898 497 789 919 568 762 
830 831 
831 830 
832 210 
833 210 
834 12 286 
835 210 
836 210 
837 175 
838 839 
839 838 
840 210 
841 842 
842 841 
843 372 844 
844 843 
845 122 
846 52 
847 275 
848 176 673 356 297 288 
849 210 
850 210 
851 210 
852 257 
853 632 
854 392 
855 168 10 4 
856 204 
857 657 
858 111 
859 50 
860 149 
861 201 
862 41 
863 455 
864 130 
865 31 
866 12 286 
867 544 
868 330 83 66 
869 28 
870 51 381 
871 45 
872 338 
873 312 
874 57 
875 546 706 214 271 
876 490 
877 40 321 356 297 
878 699 12 286 
879 210 78 
880 328 
881 40 297 356 321 
882 270 
883 622 
884 50 
885 104 
886 168 10 4 
887 212 
888 111 
889 312 
890 681 
891 64 
892 893 
893 892 
894 321 
895 321 
896 12 
897 414 
898 546 829 462 
899 99 
900 130 
901 199 
902 537 
903 261 
904 462 
905 209 
906 253 
907 64 
908 745 
909 210 
910 150 94 911 
911 910 
912 261 
913 101 
914 305 
915 618 
916 267 
917 434 
918 32 521 179 70 809 
919 829 
920 40 321 356 297 
921 561 426 
922 253 
923 210 
924 297 
925 248 171 
926 428 
927 188 
928 561 426 
929 148 
930 342 
931 932 
932 931 
933 210 
934 428 
935 1 702 
936 45 
937 104 
938 111 
939 940 
940 939 
941 618 
942 210 
943 45 
944 164 
945 530 237 
946 342 
947 257 
948 121 114 210 182 
949 375 
950 12 
951 32 69 70 50 51 381 
952 392 
953 34 35 791 
954 57 
955 111 
956 26 
957 111 
958 426 
959 388 
960 155 
961 1184 962 311 
962 961 
963 267 
964 64 
965 34 35 231 
966 371 175 
967 826 758 
968 22 
969 210 
970 341 
971 51 70 
972 533 
973 974 
974 973 
975 49 
976 519 
977 155 
978 210 
979 12 286 
980 981 
981 980 
982 103 
983 383 
984 171 
985 132 
986 1339 987 1259 
987 986 
988 109 
989 210 
990 991 
991 1197 990 
992 141 121 29 198 63 
993 1256 475 
994 588 
995 225 201 16 373 73 184 223 
996 210 
997 164 
998 999 
999 796 998 
1000 189 
1001 210 
1002 350 
1003 49 
1004 681 
1005 1006 
1006 1048 1005 
1007 226 
1008 130 1255 
1009 379 
1010 195 
1011 1120 44 
1012 1013 
1013 1012 
1014 221 
1015 434 
1016 64 
1017 8 160 
1018 201 
1019 261 
1020 137 
1021 278 
1022 62 
1023 335 
1024 244 
1025 210 
1026 591 
1027 509 
1028 537 
1029 1030 
1030 1029 
1031 257 
1032 1033 
1033 1032 
1034 210 
1035 113 
1036 210 
1037 109 311 
1038 1039 
1039 1038 
1040 424 
1041 210 
1042 312 
1043 210 
1044 164 
1045 210 
1046 26 
1047 823 
1048 1006 
1049 75 
1050 210 
1051 55 
1052 1053 175 
1053 1052 399 
1054 1281 44 1109 1206 1221 
1055 1056 
1056 1055 
1057 210 
1058 267 
1059 188 
1060 92 
1061 530 237 
1062 45 
1063 519 
1064 295 
1065 312 
1066 264 
1067 388 
1068 141 
1069 360 
1070 155 
1071 434 
1072 533 
1073 426 
1074 92 
1075 153 94 
1076 544 
1077 50 
1078 338 
1079 349 
1080 111 
1081 210 
1082 455 
1083 45 
1084 1085 
1085 1084 
1086 458 
1087 130 
1088 295 
1089 64 
1090 210 
1091 9 
1092 90 196 98 
1093 26 
1094 253 
1095 679 
1096 210 
1097 391 
1098 134 
1099 261 
1100 325 342 
1101 434 
1102 1103 
1103 1102 
1104 171 66 83 330 
1105 71 
1106 176 721 
1107 40 
1108 273 
1109 1054 
1110 25 
1111 210 
1112 214 
1113 396 
1114 396 
1115 193 12 622 
1116 111 
1117 210 
1118 210 
1119 350 
1120 1011 
1121 40 41 
1122 55 
1123 64 
1124 210 
1125 230 
1126 519 
1127 537 
1128 210 
1129 699 12 286 
1130 199 
1131 537 
1132 261 
1133 175 
1134 210 
1135 365 
1136 19 
1137 221 
1138 257 
1139 635 
1140 201 50 
1141 44 
1142 349 
1143 745 
1144 132 
1145 64 
1146 260 
1147 253 
1148 275 
1149 161 
1150 101 
1151 618 
1152 210 
1153 399 
1154 45 
1155 122 
1156 1157 
1157 1156 
1158 374 
1159 1160 
1160 1159 
1161 278 
1162 791 
1163 267 
1164 134 
1165 132 
1166 278 
1167 434 
1168 434 
1169 208 
1170 40 
1171 499 
1172 210 
1173 210 
1174 130 
1175 537 
1176 71 
1177 745 
1178 19 
1179 537 
1180 537 
1181 1182 
1182 1181 
1183 221 
1184 961 
1185 681 
1186 252 
1187 111 
1188 42 
1189 64 
1190 130 
1191 101 
1192 71 
1193 103 
1194 45 
1195 1196 
1196 1195 
1197 991 
1198 324 68 
1199 120 
1200 547 
1201 64 
1202 447 
1203 337 
1204 130 
1205 155 
1206 1054 
1207 61 
1208 210 
1209 45 
1210 22 
1211 745 
1212 122 
1213 193 622 
1214 603 
1215 111 
1216 40 
1217 210 
1218 462 
1219 210 78 
1220 376 
1221 1054 
1222 64 
1223 12 286 
1224 210 
1225 64 
1226 171 
1227 270 
1228 134 
1229 130 
1230 210 
1231 784 
1232 632 
1233 509 
1234 188 
1235 130 
1236 328 
1237 213 
1238 132 
1239 210 
1240 212 
1241 111 
1242 226 
1243 1244 
1244 1243 
1245 603 
1246 12 286 
1247 95 
1248 114 
1249 28 
1250 537 
1251 130 
1252 111 
1253 426 
1254 267 
1255 1008 
1256 993 
1257 455 
1258 64 
1259 986 
1260 130 
1261 31 
1262 292 
1263 64 
1264 171 
1265 537 
1266 94 
1267 533 
1268 68 
1269 201 
1270 212 
1271 335 
1272 825 
1273 721 
1274 458 
1275 59 
1276 537 
1277 130 
1278 569 
1279 305 
1280 90 
1281 1054 
1282 109 
1283 318 
1284 210 
1285 111 
1286 1287 
1287 1286 
1288 434 
1289 64 
1290 766 
1291 210 
1292 665 
1293 534 
1294 64 
1295 270 
1296 210 
1297 533 
1298 383 
1299 826 
1300 428 45 
1301 130 
1302 210 
1303 210 
1304 64 
1305 267 
1306 122 
1307 45 
1308 210 
1309 210 22 
1310 101 
1311 171 
1312 139 
1313 64 
1314 292 
1315 11 
1316 221 
1317 745 
1318 122 
1319 349 
1320 85 
1321 111 
1322 632 
1323 426 
1324 61 
1325 144 
1326 260 
1327 103 
1328 257 
1329 295 
1330 199 
1331 1332 
1332 1331 
1333 101 
1334 15 
1335 519 
1336 434 
1337 52 
1338 76 
1339 986 
1340 164 
1341 210 
1342 582 
1343 164 
1344 428 
1345 533 
1346 52 
